0 632 65.4
0 327 22.6
0 311 8.4
0 185 17.0
1 333 9.7
1 502 54.5
1 504 34.3
1 622 31.3
2 520 57.0
2 123 39.0
2 634 43.0
2 550 24.7
2 346 40.1
2 172 50.8
2 303 53.3
2 441 49.7
3 550 9.2
3 634 33.3
3 569 47.5
4 306 7.9
4 260 32.2
4 582 28.0
5 7 110.9
5 222 9.8
5 51 54.6
5 129 21.8
5 323 18.1
5 383 15.7
5 521 61.0
6 565 7.5
7 67 20.7
7 304 27.8
7 415 45.1
7 84 13.0
7 442 27.9
7 94 54.4
7 413 60.3
7 222 114.9
7 521 104.9
7 173 73.4
8 257 22.0
8 572 20.1
8 118 28.8
8 605 37.3
9 15 21.4
9 170 19.8
9 464 38.9
9 466 27.8
9 542 15.3
10 205 14.6
10 228 30.2
10 385 31.2
10 374 42.8
10 384 35.7
10 201 66.2
11 410 64.9
11 66 31.1
11 577 38.9
11 537 29.9
11 89 41.0
11 106 37.8
11 519 50.1
12 422 22.7
12 314 20.8
12 468 48.6
12 87 28.2
12 196 77.4
12 471 36.1
13 321 9.0
13 583 24.0
13 642 25.0
13 227 25.6
14 122 31.3
14 452 38.1
14 20 19.5
14 144 34.8
14 643 15.1
14 409 11.8
14 417 25.3
15 603 43.2
15 440 34.8
15 466 11.3
15 464 16.6
16 207 37.8
16 437 58.6
16 463 60.0
16 192 18.3
16 293 12.7
16 328 44.7
16 637 38.3
17 192 38.2
17 315 13.2
17 566 54.4
17 191 35.6
17 624 17.7
18 305 27.0
18 143 24.6
18 412 27.3
18 378 7.5
18 515 10.4
19 526 6.4
19 36 11.5
19 548 56.4
20 144 26.9
20 396 43.4
20 452 14.6
21 351 11.4
21 617 21.8
21 538 29.5
21 260 36.6
21 576 17.6
21 282 30.8
21 419 17.9
21 359 27.0
22 152 30.1
22 142 12.8
22 271 24.4
22 441 34.5
22 518 29.1
22 548 43.4
23 376 32.2
23 125 18.6
23 265 52.8
23 423 51.1
23 204 28.4
23 361 19.5
23 235 73.3
24 270 101.0
24 77 96.5
24 211 46.6
24 257 53.4
24 107 22.4
24 91 57.3
24 404 57.6
25 85 51.3
25 138 37.2
25 435 64.3
25 77 47.1
25 527 40.8
26 466 25.1
26 440 15.1
26 363 31.0
26 591 29.8
26 477 12.7
27 457 4.1
27 499 10.6
27 299 51.9
27 210 8.9
28 523 39.7
28 371 14.7
28 398 15.1
28 329 6.9
28 584 45.5
28 586 23.4
28 501 54.5
29 202 62.2
29 483 43.9
29 258 79.2
29 481 33.1
29 255 24.1
29 267 100.7
29 60 24.9
29 80 57.7
29 245 41.9
29 370 65.2
30 95 22.6
30 274 47.7
30 439 11.1
30 534 21.5
30 567 17.6
30 259 23.5
31 190 43.8
31 72 25.3
31 73 16.2
31 92 49.9
31 539 37.0
31 423 132.3
31 340 77.5
31 301 70.0
31 632 47.7
31 208 28.1
32 583 21.5
32 510 31.4
32 572 45.0
32 118 14.1
32 242 29.3
33 276 31.6
33 93 17.9
33 231 10.2
33 336 34.6
34 129 17.9
34 51 15.1
34 251 52.3
35 55 18.8
35 556 19.9
36 360 39.3
36 491 32.8
36 526 17.9
36 75 34.7
36 482 41.0
36 223 29.1
36 548 43.3
36 194 35.5
36 331 33.4
36 373 47.7
37 303 21.7
37 305 26.2
37 139 20.7
37 171 30.9
37 43 56.1
37 346 62.6
37 137 28.1
37 524 32.8
37 493 26.2
37 142 43.3
38 618 21.1
38 217 38.3
38 471 54.7
38 314 25.0
38 543 21.4
38 221 40.3
39 253 13.9
39 58 29.3
39 415 68.0
39 67 43.1
39 82 27.5
39 220 31.1
39 478 51.9
40 151 91.5
40 472 14.6
40 556 21.8
40 581 26.6
41 230 38.8
41 317 34.2
41 304 20.7
41 562 15.1
42 397 17.1
42 438 18.9
42 640 19.9
42 179 16.8
42 513 8.2
42 430 14.2
43 143 11.5
43 171 11.0
43 218 15.7
43 305 34.8
43 347 38.3
44 525 15.7
44 345 22.8
44 266 11.0
44 214 27.5
45 627 14.4
45 532 12.4
45 530 15.3
45 533 16.5
45 514 19.7
46 316 40.6
46 114 10.4
46 604 21.2
46 445 23.7
46 163 35.1
46 401 35.2
46 325 31.0
46 399 34.3
47 86 25.5
47 434 23.0
47 365 22.5
47 79 12.6
47 322 29.5
47 189 46.4
47 188 37.3
47 109 35.6
47 287 25.9
48 398 51.3
48 154 32.0
48 451 36.5
48 195 24.4
48 539 30.2
48 216 14.8
49 67 40.0
49 161 34.2
49 463 26.7
49 478 39.7
49 191 48.7
50 422 15.8
50 468 13.4
50 57 23.5
51 84 104.9
51 304 83.4
51 222 42.5
51 462 45.7
51 251 42.1
51 404 82.5
51 85 76.8
51 270 40.6
51 129 27.5
52 558 15.7
52 128 28.6
52 458 18.1
52 369 13.0
52 342 25.1
53 437 19.2
53 478 17.5
54 342 13.0
54 596 15.5
54 353 30.0
54 366 26.7
54 343 21.2
55 556 38.1
56 263 13.2
56 178 38.2
57 292 525.9
57 422 26.3
57 444 37.7
57 468 36.3
58 75 65.4
58 76 29.9
58 82 17.8
58 226 39.3
58 253 15.3
58 264 25.8
58 288 35.1
58 415 37.6
59 288 25.2
59 337 15.8
59 562 31.5
59 230 3.9
59 317 19.2
60 261 39.1
60 80 33.2
60 481 57.7
61 245 31.3
61 164 100.3
61 112 161.9
61 104 94.5
61 281 104.4
62 136 46.4
62 200 41.5
62 358 80.3
62 135 19.9
62 384 48.1
62 205 48.5
62 277 32.6
62 580 48.8
63 162 29.3
63 278 22.2
63 460 25.2
63 578 21.7
63 215 50.6
64 534 12.1
64 564 29.8
64 389 11.2
64 121 5.4
64 285 5.6
64 259 10.4
65 221 9.9
65 475 42.6
65 618 31.0
65 406 21.8
65 291 46.0
65 470 56.1
66 555 44.7
66 480 40.3
66 187 49.4
66 410 63.5
66 89 13.5
66 505 32.4
66 381 30.5
66 286 29.3
67 478 69.6
67 442 14.2
67 415 32.7
67 161 45.3
68 135 31.5
68 609 31.4
68 639 23.2
68 443 30.4
68 599 18.6
68 594 23.4
68 593 30.9
68 438 29.7
68 354 20.0
69 208 28.4
69 500 12.0
69 311 71.3
69 632 10.3
70 521 21.9
70 241 18.4
70 323 18.6
70 383 21.8
70 436 27.5
71 345 59.0
71 74 53.5
71 506 89.3
71 568 100.3
71 213 38.0
71 544 47.1
72 73 21.0
72 134 24.4
72 140 28.1
72 190 20.0
73 92 36.5
73 140 12.7
73 88 26.4
74 209 27.2
74 506 23.5
74 345 21.5
75 482 41.4
75 159 18.7
75 76 26.4
75 253 77.1
75 226 79.5
75 589 60.3
75 373 44.0
75 194 31.4
75 614 8.5
76 159 32.3
76 288 20.7
77 85 45.0
77 138 47.1
77 454 21.4
77 612 30.0
77 211 50.1
77 270 50.9
77 407 30.8
78 130 18.6
78 610 27.0
78 242 8.8
78 455 22.4
78 605 27.1
79 365 12.1
79 434 18.8
79 322 42.2
80 267 42.6
80 370 40.9
81 316 32.3
81 401 19.2
81 470 27.4
81 473 42.8
82 415 20.4
82 264 8.5
83 380 26.6
83 262 35.3
83 226 33.4
83 478 58.6
83 252 53.2
84 304 24.5
84 222 57.3
85 407 28.9
85 270 36.6
85 304 53.8
85 462 37.2
85 562 25.4
85 157 80.3
85 527 64.4
86 416 26.0
86 431 25.8
86 633 19.0
86 434 27.4
86 287 33.1
86 269 38.8
86 359 35.7
86 617 25.3
87 314 26.8
87 422 33.4
87 197 18.0
87 140 18.7
87 134 22.0
88 140 37.5
88 197 26.6
88 644 29.0
88 92 17.9
89 489 30.8
89 577 33.3
89 286 15.8
90 482 30.7
90 613 20.1
90 565 44.5
90 548 61.5
90 271 34.1
90 159 30.7
90 157 42.6
91 404 69.6
91 107 35.0
91 257 99.8
91 117 38.9
91 602 27.7
91 258 49.6
92 539 62.4
92 620 14.8
92 309 15.3
92 644 11.3
93 231 19.1
93 418 30.4
93 276 30.1
93 289 21.2
93 490 55.7
94 161 10.4
94 312 23.5
94 521 65.2
94 413 20.6
94 442 32.0
95 237 36.2
95 275 26.6
95 439 23.2
95 295 35.3
95 274 27.0
96 559 22.8
96 284 25.1
96 606 19.1
96 357 27.6
96 476 51.9
97 149 18.1
97 113 6.0
97 308 13.5
97 433 27.8
97 581 23.8
98 557 36.5
98 598 14.4
98 155 24.3
99 380 90.7
99 293 40.4
99 449 40.7
99 207 14.1
99 199 56.1
99 307 23.5
99 502 55.8
100 466 39.1
100 327 30.0
100 330 19.3
100 238 25.7
100 477 34.6
101 189 7.4
101 564 32.9
101 322 23.5
101 103 21.9
102 465 20.6
102 400 78.6
102 467 18.5
102 324 49.4
103 295 26.9
103 189 26.8
103 564 40.4
103 534 16.5
103 439 29.2
104 164 39.3
104 281 13.3
105 580 9.7
105 354 25.4
105 167 14.2
105 588 36.8
105 384 29.5
105 403 23.4
106 537 34.2
106 124 16.8
106 344 49.6
106 595 61.4
106 531 28.9
106 519 15.1
106 570 49.7
106 575 31.8
107 404 59.0
107 117 69.0
107 257 63.0
108 282 29.1
108 419 42.5
108 359 42.4
108 631 10.7
108 237 29.5
108 275 38.7
108 356 31.4
108 585 27.4
108 219 21.2
108 412 21.4
109 636 5.6
109 287 17.5
109 295 13.6
109 189 23.2
109 188 12.9
110 210 81.1
110 429 44.2
110 541 17.1
110 545 34.0
111 328 63.9
111 382 33.8
111 566 40.5
111 485 23.8
111 225 25.9
111 445 25.9
111 163 35.6
112 408 43.4
112 234 97.8
112 233 89.9
112 281 64.2
113 308 7.6
114 445 29.8
114 399 30.5
114 604 30.1
114 186 44.2
115 600 19.6
115 179 10.9
115 352 21.5
116 133 11.8
116 392 11.3
116 521 38.2
117 487 13.2
117 202 36.2
117 257 64.3
117 563 48.6
117 602 40.7
117 258 62.6
117 579 127.9
117 164 167.0
118 605 21.5
118 257 44.4
118 242 16.9
118 572 32.4
119 165 20.5
119 348 11.7
119 356 23.5
119 455 29.3
119 474 3.6
119 494 24.0
119 515 32.8
119 435 40.7
120 568 26.8
120 506 69.4
120 402 51.1
120 364 61.9
120 623 53.1
121 285 9.2
121 145 18.5
121 389 7.2
122 496 32.5
122 452 28.8
122 338 30.3
122 319 46.1
122 409 32.8
122 417 39.3
123 344 38.6
123 557 35.1
123 595 23.5
123 520 23.8
123 273 15.8
123 634 24.8
124 537 27.6
124 344 40.4
125 265 41.7
125 376 38.0
125 411 111.3
125 553 87.6
126 379 17.9
126 167 27.1
126 403 28.8
126 397 20.4
126 430 9.5
126 252 24.3
126 326 28.5
126 166 17.3
126 127 15.0
126 224 35.1
126 588 24.9
127 588 10.1
127 625 27.5
127 224 28.3
127 166 23.8
127 379 22.8
128 558 16.6
128 201 15.7
128 625 23.3
128 224 28.7
128 458 22.9
129 222 21.6
129 323 17.6
129 436 43.5
129 251 65.0
130 610 9.2
130 605 29.0
130 131 29.4
130 300 24.1
130 294 16.0
131 300 31.7
131 424 18.8
131 469 25.2
131 605 19.8
132 435 31.6
132 243 13.6
132 271 60.7
132 565 20.7
133 241 10.4
133 521 29.6
133 611 44.4
134 543 11.5
134 314 32.6
134 140 38.9
134 190 12.8
134 426 24.1
135 277 14.7
135 580 40.1
135 609 33.4
135 354 48.7
136 200 81.3
137 346 36.2
137 171 20.6
137 347 29.2
138 454 26.1
138 435 61.9
138 300 20.6
138 424 11.0
139 305 15.6
139 247 23.9
139 524 9.5
140 197 13.0
141 601 17.9
141 592 25.2
141 251 39.7
141 263 22.7
141 250 36.4
142 271 31.3
142 303 36.3
142 493 29.9
142 518 24.8
143 218 20.8
143 412 20.5
143 305 28.3
144 643 22.9
144 596 24.8
144 396 64.2
144 574 48.0
145 227 41.3
145 567 29.5
145 635 13.6
145 259 8.1
145 285 11.9
145 389 20.7
145 564 32.4
145 256 19.6
145 168 11.9
145 590 18.7
145 560 37.5
146 489 22.5
146 577 22.7
146 575 21.6
146 570 28.8
146 313 31.4
146 215 57.2
147 418 23.5
147 289 25.2
147 484 22.3
147 187 18.6
148 420 9.7
148 186 24.0
148 325 21.1
148 604 33.5
149 302 7.9
149 581 26.1
149 433 25.6
150 536 44.9
150 544 18.6
150 546 37.9
150 571 15.5
151 308 62.2
151 581 65.0
151 556 112.8
151 623 110.7
151 561 56.9
151 299 33.0
151 210 51.5
152 313 57.8
152 529 41.8
152 456 18.8
152 441 25.3
152 548 38.2
153 546 10.6
153 564 18.5
154 283 24.6
154 451 11.4
154 398 22.2
154 549 17.8
155 557 33.9
155 569 14.9
156 522 6.9
156 600 23.4
156 331 11.6
156 212 32.5
156 360 40.8
157 337 11.4
157 613 27.2
157 288 30.0
157 527 44.8
157 562 56.1
157 159 38.4
158 283 26.3
158 641 12.8
158 405 8.9
158 621 11.5
159 482 17.3
159 614 10.9
159 288 46.2
160 432 80.3
160 486 50.0
160 296 14.3
160 619 17.4
160 467 63.0
160 393 19.8
160 355 26.9
161 312 13.1
161 191 36.6
161 442 41.7
161 181 22.9
162 578 14.6
162 489 20.8
162 215 42.2
163 386 59.1
163 390 30.9
163 328 41.2
163 445 43.0
163 316 45.7
163 399 64.1
163 448 69.3
164 487 178.8
164 281 26.7
164 245 70.3
164 579 39.4
164 479 53.6
165 237 20.4
165 356 15.9
165 509 26.5
165 274 31.9
165 455 47.3
166 326 11.5
166 224 18.0
166 629 22.2
167 354 31.5
167 379 9.6
167 403 9.1
168 590 14.3
168 564 30.3
168 256 8.5
169 256 17.1
169 564 44.3
169 298 45.8
169 560 23.1
170 183 26.1
170 486 15.4
170 296 44.1
170 464 23.9
170 542 12.8
171 305 26.1
171 347 29.1
172 550 30.9
172 346 34.4
172 174 41.0
172 260 47.0
172 540 11.5
173 413 19.4
173 521 32.2
173 312 57.4
174 346 15.4
175 363 25.6
175 512 15.5
175 603 28.2
175 440 31.3
176 180 17.8
176 551 13.0
176 451 32.5
176 283 17.4
176 641 21.8
176 206 41.6
177 608 49.6
177 498 62.1
178 573 17.6
178 611 34.5
178 436 32.8
178 592 14.1
178 263 47.0
178 607 28.2
179 352 25.1
179 600 30.5
179 513 14.0
179 262 47.2
180 319 18.6
180 417 16.2
180 334 15.2
180 551 19.8
180 206 27.7
180 552 36.9
181 312 10.6
181 191 9.1
182 446 3.6
182 587 8.9
182 332 24.5
182 488 30.1
182 564 40.2
183 296 29.6
183 185 40.9
183 466 63.1
183 542 21.0
183 249 13.6
183 395 28.7
184 367 13.1
184 320 10.3
184 630 43.7
184 193 17.1
184 643 43.1
185 395 15.2
185 466 74.9
185 632 70.9
185 340 69.7
185 301 64.2
186 604 26.3
186 420 17.8
187 410 19.2
187 480 13.9
187 484 26.9
187 555 32.9
188 322 26.5
188 189 9.9
189 295 28.9
189 636 27.1
189 322 17.2
190 208 66.4
190 426 8.5
190 543 22.0
191 192 20.8
191 463 30.7
191 624 39.0
191 312 19.3
192 437 43.9
192 463 42.0
192 315 38.4
192 637 20.0
192 382 54.8
193 320 24.3
193 367 28.7
193 377 11.6
193 372 18.1
193 349 12.7
194 331 37.7
194 373 12.7
195 320 15.4
195 552 19.7
195 451 40.0
195 539 46.6
195 372 19.8
196 314 61.9
196 468 39.8
196 198 27.9
196 307 24.0
196 328 53.3
196 199 15.2
196 448 71.5
196 471 41.4
197 422 25.0
197 644 55.2
198 307 8.5
198 468 11.9
198 502 31.9
199 293 20.7
199 328 42.1
199 207 49.4
199 307 34.6
200 358 63.2
200 246 38.2
200 336 38.0
201 385 42.2
201 384 40.0
201 625 27.8
201 558 21.4
202 483 31.6
202 258 53.0
202 487 32.3
202 245 99.5
203 554 20.9
203 246 35.4
203 484 27.4
203 555 41.0
203 276 15.0
203 381 55.0
204 296 99.9
204 340 25.1
204 361 9.4
204 376 39.3
204 423 74.9
204 355 79.7
205 228 37.7
205 384 31.7
206 319 21.1
206 239 18.9
206 394 10.5
206 621 30.7
207 437 22.7
207 449 32.6
207 293 29.7
208 426 60.7
208 500 13.2
208 507 59.2
208 632 31.3
209 525 28.1
209 279 20.1
209 516 20.5
209 506 42.2
209 345 25.1
210 433 33.5
210 299 47.8
210 457 10.3
210 429 39.0
210 308 14.7
211 257 37.6
211 454 25.4
211 605 62.3
211 612 16.3
211 469 24.1
212 278 24.1
212 460 21.3
212 360 22.5
212 522 27.1
212 600 42.7
213 544 11.9
214 322 25.1
214 365 43.1
214 525 43.2
214 266 26.3
214 564 21.8
215 491 12.0
215 460 26.7
215 489 61.4
215 313 53.7
215 360 27.3
216 398 37.8
216 584 38.2
216 539 56.5
217 473 13.7
217 618 17.6
217 471 32.5
217 448 29.2
218 347 28.4
218 538 15.3
218 282 18.0
218 412 32.6
219 585 8.0
219 356 17.6
220 226 40.9
220 478 22.3
220 253 45.8
221 618 22.5
221 492 19.1
221 406 16.2
221 543 57.9
221 426 45.4
223 548 15.8
223 482 27.9
224 458 15.4
224 625 18.6
224 629 16.6
225 511 16.2
225 485 26.3
225 399 22.0
225 445 31.5
226 262 22.4
226 589 24.4
226 373 38.0
226 253 29.5
227 298 49.0
227 321 18.0
227 339 114.3
227 427 28.7
227 560 74.9
227 567 21.3
227 597 64.1
227 642 41.2
228 387 30.9
228 374 27.4
229 362 21.3
229 475 56.6
229 325 57.1
229 330 73.9
230 562 28.8
230 317 19.6
231 418 47.1
231 490 45.3
232 290 80.7
232 559 42.6
232 279 28.9
232 525 19.7
232 434 55.8
232 365 30.7
233 425 116.3
233 268 95.4
233 421 89.6
233 339 64.8
233 297 71.2
233 408 48.6
233 234 7.9
233 479 77.3
235 265 34.2
235 423 39.7
235 586 43.0
235 501 76.8
236 568 5.8
237 356 23.8
237 275 23.2
237 274 23.8
237 509 15.9
238 466 20.6
238 330 13.0
238 477 8.9
239 338 17.2
239 319 24.9
239 394 9.4
240 503 18.3
240 391 14.1
240 459 21.7
240 311 11.1
240 507 25.7
241 436 32.5
241 521 17.9
241 611 36.2
242 583 33.7
242 605 20.6
243 271 49.7
243 435 43.0
243 493 20.9
244 558 19.1
244 385 13.1
244 374 19.2
244 343 10.5
244 342 30.7
245 487 130.6
245 255 58.5
246 554 32.3
246 336 36.7
246 276 49.5
246 358 40.1
247 524 29.8
247 305 13.8
247 435 30.2
247 515 25.0
247 493 29.0
248 458 41.4
248 333 25.4
248 380 32.3
248 629 19.0
248 504 13.1
249 340 67.2
249 395 15.4
249 296 16.3
250 258 35.0
250 267 47.0
250 251 68.2
250 497 37.3
250 263 51.9
251 258 96.9
251 601 22.5
251 607 53.3
251 436 49.3
251 404 61.3
252 326 11.3
252 430 30.7
252 380 28.2
252 262 81.1
252 513 45.7
254 298 125.3
254 350 20.8
254 421 51.4
254 425 29.8
254 564 112.5
254 571 50.9
255 481 32.8
256 564 32.8
256 560 23.2
257 605 43.3
257 563 38.9
257 428 61.6
257 572 37.6
258 267 59.4
258 370 20.2
258 483 34.5
258 602 22.0
258 404 90.1
259 534 21.5
259 285 5.2
259 635 14.4
259 567 25.1
260 347 17.1
260 346 22.3
260 576 33.7
260 538 29.2
260 306 24.9
261 481 29.4
262 513 49.4
262 331 55.1
262 589 22.7
262 600 42.1
263 497 18.9
264 288 23.4
264 415 20.8
265 423 57.9
266 345 22.6
266 587 10.1
266 446 6.3
266 564 41.5
267 497 43.9
267 370 66.9
268 421 6.8
268 425 19.8
269 359 18.6
269 295 25.3
269 310 19.8
269 638 17.9
269 287 28.9
269 631 22.1
270 407 39.1
270 404 45.1
271 493 41.1
271 548 30.3
271 565 48.6
272 410 10.1
273 557 20.4
273 634 18.1
273 569 29.6
274 509 8.6
274 275 37.6
274 567 55.4
274 321 56.6
274 583 36.9
274 455 25.6
275 295 21.5
275 310 18.9
275 631 32.3
275 638 24.4
276 336 34.7
276 289 25.3
276 484 28.2
276 555 54.5
277 358 48.7
277 609 18.6
278 600 28.9
278 352 20.2
278 594 23.6
278 599 23.7
278 443 32.8
278 460 30.1
278 578 42.9
279 559 18.1
279 284 45.6
279 516 17.1
279 525 31.5
280 292 487.1
280 369 22.7
280 342 12.7
280 366 11.7
281 408 14.9
281 479 32.2
282 538 15.3
282 419 14.8
282 412 32.2
283 405 23.5
283 335 41.5
283 641 15.4
283 451 25.2
283 549 20.2
283 627 12.0
284 559 30.7
284 476 38.5
284 402 22.2
284 516 54.2
286 489 24.6
286 505 42.6
286 578 31.7
286 450 34.1
287 295 26.5
288 415 26.1
288 337 22.6
288 317 43.9
289 418 14.5
289 484 23.5
290 434 25.0
290 559 122.8
290 633 24.1
291 618 53.1
291 401 31.2
291 470 10.2
291 475 14.9
292 622 512.9
292 333 475.5
292 369 484.5
292 366 491.8
292 368 515.9
292 444 532.0
292 644 545.6
293 328 36.0
294 610 10.6
294 300 8.2
295 310 15.6
295 636 7.7
295 439 51.0
295 638 24.0
296 376 64.7
296 340 74.7
296 486 43.9
296 619 29.4
296 355 39.0
297 597 60.4
297 579 44.8
297 479 32.5
297 339 23.0
298 560 19.7
298 564 73.3
298 421 72.4
298 339 65.4
299 429 51.2
299 561 23.9
299 606 63.6
299 499 58.6
300 610 18.6
300 435 51.5
300 424 16.7
301 340 8.0
301 632 25.6
301 395 64.4
302 472 16.7
302 581 31.4
303 518 11.7
303 441 23.9
303 346 70.7
303 493 44.4
304 317 16.9
304 415 37.5
304 462 38.1
304 562 32.2
305 515 34.2
305 435 37.7
306 576 14.3
306 582 20.8
307 502 33.1
307 437 49.7
308 433 17.9
308 581 35.0
309 377 15.1
309 620 16.2
310 638 7.8
311 500 78.6
311 507 32.2
311 503 28.8
311 459 17.8
311 327 25.5
312 624 19.9
312 521 77.9
313 570 18.6
313 548 92.5
313 491 59.5
313 529 45.7
314 543 21.9
314 471 21.8
315 382 17.6
315 566 55.1
316 473 38.9
316 448 86.4
316 390 16.9
316 401 23.6
317 415 20.9
318 367 22.7
318 626 14.3
318 349 18.2
318 620 23.9
318 444 37.9
318 574 17.7
318 353 38.1
319 338 20.0
319 417 15.3
320 372 21.1
320 552 27.3
320 630 34.9
320 643 51.5
320 334 38.7
321 567 6.4
321 583 33.1
322 365 39.9
322 564 38.1
323 383 10.3
323 436 24.4
324 467 33.6
324 432 47.9
324 535 54.4
324 341 28.5
324 608 57.1
324 465 66.8
325 475 68.4
325 401 27.8
325 604 24.4
326 629 20.5
326 380 36.0
327 466 53.4
327 330 48.9
327 459 15.7
328 637 17.1
328 382 40.3
328 448 29.6
328 386 19.4
329 398 8.0
329 584 51.6
330 362 82.6
330 475 32.4
330 406 61.1
330 503 43.5
330 459 40.1
330 477 22.1
330 591 39.4
331 373 39.0
331 589 48.9
331 600 34.9
331 360 31.3
332 564 27.0
332 488 9.3
332 536 9.9
333 504 27.3
333 458 31.8
333 622 23.9
333 369 22.3
334 417 25.3
334 630 14.1
334 621 58.0
335 514 17.4
335 621 30.7
335 453 10.5
335 405 18.1
337 562 45.9
339 421 27.5
339 597 82.0
340 395 57.4
340 423 72.7
341 535 49.8
341 464 63.9
341 512 27.4
341 608 48.9
342 558 15.4
342 369 35.1
342 366 18.5
342 343 33.4
343 396 52.1
343 374 29.6
343 596 34.8
344 557 23.0
344 598 39.8
344 595 44.1
345 587 13.9
345 525 37.8
345 536 46.3
345 544 96.8
346 347 8.3
346 441 83.5
347 538 22.3
348 474 12.5
348 494 12.5
348 610 38.5
349 367 19.8
349 620 14.9
350 461 26.4
350 571 30.6
351 576 9.8
351 617 20.5
351 431 19.4
351 582 29.9
352 600 24.3
352 593 17.3
352 594 19.4
352 640 19.5
353 596 17.5
353 574 32.2
353 367 37.0
353 626 30.8
353 368 20.9
353 366 17.1
353 447 15.4
354 580 24.7
354 403 22.9
354 438 31.1
355 553 11.3
355 376 28.0
355 619 10.9
355 375 10.9
356 515 33.1
356 585 17.3
357 541 37.6
357 559 49.0
357 606 45.2
357 615 54.1
358 554 29.8
358 388 22.0
358 505 24.1
358 450 54.1
358 443 52.4
358 639 34.7
358 609 37.3
359 419 25.1
359 617 16.5
359 631 39.5
360 491 16.7
360 460 33.0
361 376 45.6
362 591 48.2
363 440 16.4
363 591 59.9
364 476 20.7
364 561 58.0
364 623 82.8
364 402 53.0
365 434 30.1
365 525 50.5
366 368 19.7
367 643 35.0
367 574 16.5
368 626 15.4
368 444 24.3
369 458 14.6
370 483 27.6
371 523 25.0
371 616 22.4
371 398 25.0
372 377 18.6
372 539 40.2
373 589 18.8
374 387 51.8
374 385 11.9
374 396 23.8
375 553 7.8
375 619 10.9
375 528 16.3
376 553 46.0
377 539 33.0
378 515 15.8
378 585 6.0
378 412 21.8
379 588 13.5
380 504 39.4
380 629 32.9
380 437 96.6
380 628 65.7
380 449 55.7
380 502 59.6
381 505 11.0
381 388 17.8
381 555 21.2
381 554 24.7
382 637 49.4
382 566 48.4
383 521 43.3
383 436 31.0
384 580 18.0
384 588 31.2
384 625 47.7
385 558 29.0
386 448 10.3
386 390 45.4
387 396 28.5
387 414 20.9
388 505 8.4
388 554 18.9
389 564 19.5
390 448 71.5
391 503 14.8
391 507 21.2
391 406 12.4
391 492 25.4
392 566 39.1
392 521 31.7
392 511 19.4
393 528 19.2
393 619 22.0
393 467 52.8
393 400 29.0
394 453 21.5
394 621 20.5
396 414 49.1
396 596 40.2
396 452 41.7
396 496 64.7
397 403 9.2
397 438 17.7
397 430 19.3
398 533 20.5
398 532 29.6
398 584 50.9
398 549 10.5
399 445 20.8
400 465 59.4
400 528 13.8
400 411 7.5
400 467 72.3
401 470 25.0
401 475 42.9
402 476 33.2
402 506 31.6
402 516 48.3
403 438 18.9
405 621 15.3
405 453 21.0
405 514 19.0
405 627 18.5
405 641 21.5
406 492 13.4
406 475 63.4
406 503 27.8
408 479 29.1
409 643 15.5
409 417 13.6
409 630 24.7
411 553 34.0
411 528 12.2
412 585 17.9
412 419 51.1
413 442 37.5
413 521 50.2
414 496 34.4
416 582 40.9
416 431 20.5
416 633 20.1
417 630 39.8
418 490 26.4
419 538 23.2
421 425 27.1
422 644 64.3
423 539 104.3
423 584 27.9
423 586 26.7
424 454 24.2
424 469 42.8
426 492 21.6
426 543 13.7
427 642 24.9
427 428 47.1
427 510 21.8
427 597 38.4
428 572 24.8
428 597 39.5
428 510 26.7
428 563 35.5
429 457 35.4
429 499 20.5
429 606 18.3
429 615 13.0
429 541 33.5
430 513 14.9
431 617 16.6
431 582 27.7
432 535 20.8
432 486 21.0
432 467 19.8
434 559 98.2
434 633 35.2
435 508 15.6
435 494 19.7
435 610 45.8
435 515 28.2
435 493 40.9
435 565 38.1
435 527 63.7
436 607 21.4
436 573 17.5
436 611 29.7
437 478 28.2
437 463 17.8
437 628 36.3
437 449 33.6
438 593 20.7
438 594 28.0
438 640 11.3
439 534 13.4
440 466 24.2
440 603 9.1
440 512 39.8
441 456 19.6
441 520 30.8
441 518 19.9
443 450 36.4
443 639 19.3
443 599 44.0
443 578 32.9
444 644 13.9
444 626 26.0
446 564 42.6
446 587 5.7
448 473 16.0
448 471 41.0
449 628 10.0
449 478 28.2
450 578 19.1
450 505 39.2
451 551 22.3
451 552 26.6
452 496 29.3
453 621 20.3
454 612 16.2
454 469 19.9
455 583 39.1
455 474 25.0
455 610 30.4
456 529 18.6
456 520 26.3
457 499 14.1
458 629 29.2
459 503 17.0
461 571 7.8
462 562 14.6
464 603 54.8
464 512 85.5
464 486 27.3
464 535 17.5
464 542 36.0
465 608 116.0
466 477 17.1
466 542 38.3
468 622 51.9
468 502 43.5
469 605 23.9
470 618 43.0
470 473 70.7
471 618 35.8
472 581 37.1
473 618 29.2
474 610 25.0
475 618 65.5
476 606 38.3
476 561 38.2
477 591 26.1
478 628 18.2
479 579 19.6
480 555 33.5
482 548 35.7
482 614 18.4
484 555 25.1
485 511 16.3
485 566 30.8
486 535 17.1
488 587 27.5
488 495 5.5
488 536 17.0
489 577 24.3
489 578 21.8
491 526 15.6
491 548 62.7
492 543 34.0
493 524 7.8
494 515 37.2
494 508 8.5
494 610 43.3
495 587 31.0
495 536 21.4
498 608 95.1
499 606 31.1
500 507 46.4
501 517 18.6
501 523 11.1
501 586 57.3
502 504 20.4
506 516 22.1
506 568 93.1
508 610 31.8
510 642 21.2
510 583 23.9
510 572 27.5
511 566 42.5
512 603 36.5
514 530 21.2
514 627 27.7
515 585 20.3
517 530 19.5
517 523 17.2
519 570 40.6
519 575 17.4
520 595 15.7
520 529 38.8
521 566 22.9
521 624 58.3
522 600 16.7
523 530 15.9
523 616 5.4
526 548 61.8
527 613 19.9
527 565 28.5
528 553 23.9
528 619 24.7
529 595 28.3
529 531 49.6
529 570 49.8
530 533 23.6
530 616 15.3
531 570 20.7
531 595 32.4
532 533 12.4
532 549 16.7
532 627 8.2
533 616 11.4
534 564 38.9
536 564 20.5
536 587 33.3
536 544 60.2
536 546 7.1
536 547 8.2
539 584 93.3
540 550 23.5
541 545 25.2
541 615 27.6
544 571 6.3
546 564 22.7
546 547 11.8
546 571 55.7
547 564 12.3
549 627 17.9
550 634 24.4
551 552 17.4
553 619 18.5
554 555 36.9
557 598 23.3
557 569 19.6
561 623 54.2
561 606 45.1
563 597 69.7
563 579 82.5
564 590 18.9
564 571 71.0
565 613 47.6
566 624 36.7
567 635 20.2
569 634 17.2
570 575 23.1
573 611 17.2
573 607 32.4
574 643 31.8
574 596 31.6
575 577 22.8
576 582 33.1
579 597 105.0
583 642 5.9
584 586 29.8
588 625 17.4
592 607 21.3
592 601 20.4
593 594 7.5
593 640 15.3
594 599 12.8
601 607 30.3
606 615 9.1
609 639 12.1
620 644 25.2
630 643 18.6
631 638 8.0
