(-21.6866517, -51.0762975)
(-21.2356597, -49.6441918)
(-22.0592036, -46.979384)
(-21.9464285, -46.7192121)
(-22.4718855, -46.6291034)
(-22.8821912, -49.2383956)
(-22.6000681, -47.8750887)
(-22.4719836, -48.9884476)
(-23.550338, -47.897971)
(-21.9527, -51.413956)
(-20.5238955, -49.0606135)
(-21.021364, -47.3712)
(-21.5820592, -50.1661976)
(-23.5203479, -47.2575256)
(-20.3205523, -49.9085255)
(-22.076415, -51.47224)
(-22.0787992, -49.7194861)
(-22.4431852, -49.7643596)
(-22.7392463, -47.3306032)
(-21.7297099, -48.1052092)
(-20.298476, -49.735904)
(-22.70111, -46.76444)
(-22.128917, -47.661939)
(-20.896505, -51.3742765)
(-23.4938938, -48.4110675)
(-22.7891096, -48.1316776)
(-22.2956478, -51.3873401)
(-22.851552, -45.2340924)
(-20.4498109, -50.8808706)
(-24.5076527, -48.8461582)
(-23.438611, -47.061389)
(-21.207992, -50.4390225)
(-23.5045367, -47.6168158)
(-20.0876144, -47.789201)
(-23.1345103, -49.0545651)
(-22.6738889, -44.4477778)
(-21.7886713, -48.1773096)
(-22.3569477, -47.3838889)
(-21.7741308, -50.4668814)
(-22.0301906, -48.9111936)
(-22.5800929, -44.6975127)
(-22.6758064, -48.6673653)
(-21.18716, -48.790418)
(-22.572737, -47.172679)
(-23.396266, -46.3175449)
(-20.1596604, -50.7279226)
(-22.6620892, -50.420623)
(-23.1177393, -46.5547861)
(-20.6840418, -50.5554616)
(-22.1564662, -49.3316395)
(-21.4603331, -49.9465156)
(-23.1045215, -48.9259103)
(-20.9178969, -49.4517911)
(-21.9006253, -49.3583966)
(-20.7343722, -49.5807484)
(-22.6828195, -44.3221095)
(-23.6295651, -49.5632104)
(-21.265661, -49.951816)
(-22.0746355, -48.7394852)
(-22.490859, -48.558349)
(-24.472203, -49.023784)
(-24.756421, -48.5056942)
(-20.5531437, -48.5697509)
(-21.1898849, -48.1550642)
(-23.5112184, -46.8764612)
(-21.9222474, -50.7317727)
(-20.892867, -47.592149)
(-22.3218102, -49.0705863)
(-20.949077, -48.479083)
(-21.2715723, -50.8117225)
(-23.0140216, -49.4760724)
(-23.848568, -46.139586)
(-21.403962, -50.47464)
(-21.2908491, -50.34144)
(-23.5697765, -46.0407456)
(-21.9930206, -48.3917372)
(-22.1421831, -48.522276)
(-23.1019554, -48.2610535)
(-23.2838893, -47.6738231)
(-23.1353864, -46.4648052)
(-24.3190016, -49.1446207)
(-22.2703347, -50.5442675)
(-22.195355, -48.7801925)
(-21.6212706, -49.074135)
(-22.5700178, -48.9714871)
(-22.8879628, -48.4410712)
(-22.9520235, -46.5418586)
(-21.5015319, -50.3175246)
(-21.1671191, -50.1850393)
(-20.984532, -47.657217)
(-22.2840884, -48.1267265)
(-23.79849, -48.598924)
(-21.0664017, -50.1448077)
(-20.1933264, -47.7097165)
(-22.4562909, -49.3385645)
(-23.3076318, -47.1325128)
(-23.099204, -45.707645)
(-22.666498, -45.015384)
(-21.527995, -46.643659)
(-21.8054355, -49.6030627)
(-22.0143038, -51.2356597)
(-23.3644621, -46.7484765)
(-21.8319357, -51.9887179)
(-23.3561111, -46.8769444)
(-24.7272376, -48.1077914)
(-20.8776238, -48.8106972)
(-21.2759978, -47.3046035)
(-23.5935653, -48.4801876)
(-22.90556, -47.06083)
(-23.207791, -46.788919)
(-22.7395263, -45.5912829)
(-22.601952, -49.998726)
(-25.0104609, -47.9315628)
(-22.7029347, -45.0526508)
(-22.7434964, -50.38924)
(-21.3255615, -48.6308798)
(-23.0066616, -49.7840632)
(-24.0048759, -48.3489848)
(-23.4704798, -47.7352309)
(-22.9999295, -47.5031066)
(-23.62028, -45.41306)
(-23.5234673, -46.8406808)
(-20.080447, -49.9139767)
(-21.7743137, -47.0852175)
(-21.280082, -47.164327)
(-20.8695636, -51.4877792)
(-21.1331035, -48.9712817)
(-21.0491485, -49.0578923)
(-20.9028433, -49.2699665)
(-23.0353135, -49.1650519)
(-23.1626556, -47.7433878)
(-23.226035, -47.954453)
(-22.50958, -47.775468)
(-23.0406405, -49.7071698)
(-21.5594631, -50.448624)
(-20.711443, -48.53867)
(-20.1774291, -48.6872822)
(-22.337512, -47.172927)
(-23.0133538, -48.0077595)
(-22.4768324, -47.4550551)
(-21.3554634, -50.2853589)
(-23.6304001, -49.313234)
(-22.2210521, -47.6249638)
(-22.6437398, -47.1972086)
(-20.47705, -49.7787881)
(-23.603889, -46.918889)
(-21.340278, -47.729444)
(-20.403569, -47.420915)
(-22.7434438, -50.7911037)
(-22.5783685, -44.9642044)
(-23.8857982, -46.4241869)
(-23.07753, -44.9567436)
(-21.9090404, -47.6203241)
(-23.681347, -46.62052)
(-20.4664067, -50.606276)
(-21.6604584, -46.7371151)
(-21.5180904, -48.3938897)
(-22.3697554, -48.3845315)
(-20.1230736, -50.513261)
(-22.1124638, -48.3151079)
(-21.4835523, -51.5334408)
(-22.414562, -49.408355)
(-21.2391417, -47.9747665)
(-22.4325855, -50.2037693)
(-24.522583, -48.1093489)
(-23.0416538, -47.3718002)
(-21.1673392, -49.1111015)
(-20.9819513, -48.837455)
(-23.6495294, -46.8528497)
(-23.8317997, -46.8156204)
(-21.831436, -51.483168)
(-22.4896659, -47.2119005)
(-22.190871, -46.74767)
(-22.6939723, -49.4295067)
(-22.2742719, -46.9523302)
(-22.4886301, -51.6606857)
(-20.2860692, -50.3986216)
(-22.55452, -52.592779)
(-23.390039, -49.5109023)
(-21.266061, -48.687384)
(-20.2825647, -50.2500762)
(-22.3595388, -49.5209504)
(-23.541056, -46.37097)
(-21.6760063, -51.3804532)
(-20.6767063, -50.1455638)
(-21.614061, -51.1729548)
(-22.9016004, -50.7268005)
(-20.5381768, -47.4009795)
(-23.2817308, -46.7448996)
(-23.3328038, -46.724446)
(-21.5299436, -50.5533059)
(-22.2936976, -49.5516228)
(-22.2125766, -49.6547994)
(-20.7956829, -50.1907615)
(-21.8377536, -48.492853)
(-20.6488139, -50.3608101)
(-21.7988557, -49.9288096)
(-21.3814805, -50.2100452)
(-21.6213012, -49.7962941)
(-21.909072, -49.89861)
(-20.3245873, -48.3148818)
(-20.79663, -49.2253917)
(-24.18921, -48.529549)
(-20.4290496, -47.8250067)
(-21.0322387, -51.2100464)
(-20.4976771, -48.9452074)
(-20.0737613, -50.3379634)
(-21.8950705, -49.590107)
(-21.2542739, -50.6440083)
(-23.4133724, -46.0379249)
(-22.8057839, -45.1908926)
(-23.3718195, -48.184685)
(-21.35938, -48.23158)
(-23.9927768, -46.2558332)
(-23.4430602, -46.524459)
(-21.496092, -48.0360685)
(-20.6491637, -50.6622974)
(-22.004508, -50.3862746)
(-22.6332028, -47.0545305)
(-22.85833, -47.22)
(-21.8928341, -49.0226082)
(-21.8583385, -50.6892931)
(-22.8742567, -49.1593923)
(-21.9554092, -47.9989614)
(-21.0815104, -49.2424619)
(-22.8131812, -50.0720477)
(-21.75623, -48.831903)
(-23.6548363, -47.2210116)
(-20.3413103, -49.1970982)
(-22.660165, -51.077881)
(-22.5165369, -48.5582558)
(-20.0411471, -47.7477444)
(-23.2063475, -46.156934)
(-24.7042692, -47.5563733)
(-24.7445292, -47.5525529)
(-20.4281001, -51.3410871)
(-23.816628, -45.368685)
(-23.09028, -47.21806)
(-22.1748508, -51.2534615)
(-19.9802644, -50.2906035)
(-21.7705076, -50.9614046)
(-23.0544285, -49.6264306)
(-23.3508977, -47.687611)
(-22.4356582, -47.7146714)
(-20.657282, -49.3881146)
(-24.5843214, -48.594028)
(-20.4441839, -48.012504)
(-22.5869091, -47.5160966)
(-21.2791964, -49.4101967)
(-21.5691828, -51.3494606)
(-23.8621345, -49.1398926)
(-23.4172598, -49.0935788)
(-21.312294, -49.0596336)
(-21.9816841, -48.8046536)
(-24.1848847, -46.7921572)
(-24.6409691, -48.8410159)
(-23.7176303, -46.8492435)
(-23.588607, -48.048326)
(-23.9849105, -48.8803886)
(-23.54888, -46.933889)
(-22.436111, -46.821667)
(-24.5735083, -49.1703846)
(-21.5958368, -48.8122696)
(-23.7066252, -49.4895934)
(-22.2346755, -48.7189744)
(-20.6435211, -51.5084479)
(-23.4754492, -46.3514033)
(-24.1145368, -49.3352464)
(-24.2900711, -47.176151)
(-22.9965861, -46.8412042)
(-23.1042417, -48.6134874)
(-22.2536514, -47.8212546)
(-20.6406814, -47.2193817)
(-21.730853, -46.9743)
(-23.2638828, -47.298892)
(-23.1531055, -47.0580347)
(-20.3366604, -47.7797924)
(-20.6921079, -48.4144076)
(-21.252037, -48.325223)
(-23.30528, -45.96583)
(-20.8844434, -49.5710544)
(-24.703773, -48.0060639)
(-22.70374, -46.985062)
(-20.2671767, -50.5492435)
(-23.2556416, -45.6919926)
(-23.5282627, -46.9020647)
(-21.0255126, -47.7706807)
(-23.0949584, -46.7148636)
(-22.293585, -48.559193)
(-20.3104773, -47.5915669)
(-22.930004, -46.275208)
(-22.2486157, -50.7677114)
(-23.564090999999998, -46.434766582997995)
(-22.0099839, -49.7889446)
(-23.0843839, -47.7882279)
(-23.1887668, -46.884506)
(-21.5109531, -51.4351505)
(-24.3172209, -47.6355618)
(-23.932346, -47.0714217)
(-23.0898337, -45.1903825)
(-23.0505602, -47.8375684)
(-21.1665477, -51.0410539)
(-22.570047, -44.902359)
(-22.1859721, -47.389764)
(-22.6029897, -48.8031367)
(-22.5615068, -47.401766)
(-22.523056, -46.65)
(-21.6741873, -49.7518932)
(-22.7367652, -45.1070876)
(-20.9672545, -50.224966)
(-23.08639, -46.95056)
(-21.7211293, -51.0188)
(-22.4310459, -49.5219241)
(-21.552463, -47.7033894)
(-21.6763356, -50.3269863)
(-22.4145801, -49.8183516)
(-22.338378, -50.394007)
(-22.50022, -48.710229)
(-20.8071616, -49.9648439)
(-20.1454034, -50.193911)
(-20.6444651, -50.2260983)
(-23.5401247, -47.1846323)
(-23.3186111, -46.5866667)
(-23.0059018, -49.317191)
(-22.1069936, -51.9629504)
(-22.6112679, -50.6670685)
(-21.2574769, -49.1314719)
(-21.7966708, -51.1831475)
(-22.217108, -49.95006)
(-20.4408333, -50.8227778)
(-22.146153, -51.170949)
(-21.6033611, -48.3660603)
(-23.6669527, -46.4616922)
(-21.1838813, -49.579059)
(-20.3547223, -50.172574)
(-19.9662274, -50.6190438)
(-20.179612, -48.030997)
(-22.4133188, -48.450554)
(-19.9806298, -50.136873)
(-24.2839078, -47.4535128)
(-21.1328313, -51.1029422)
(-22.2925861, -51.907143)
(-20.8141411, -49.507449)
(-20.6147204, -49.462817)
(-21.464731, -47.002405)
(-23.5234284, -46.1926671)
(-22.372222, -46.9425)
(-22.433009, -46.9581629)
(-22.9293093, -47.5650724)
(-20.850949, -50.097537)
(-24.0959454, -46.6234361)
(-22.681861, -46.6798783)
(-21.265545, -48.497066)
(-20.7625702, -49.7088402)
(-20.90649, -48.638717)
(-21.3006353, -51.5686963)
(-22.945043, -47.312182)
(-22.9553542, -45.8387146)
(-20.7276692, -48.052795)
(-22.88, -46.79167)
(-21.5095864, -48.1503832)
(-20.9913722, -51.2782237)
(-22.6191472, -51.2382255)
(-22.4080573, -51.5251755)
(-23.3783786, -45.4438173)
(-23.1819309, -46.3992986)
(-20.842992, -49.635767)
(-20.6943324, -50.0406028)
(-20.9126469, -49.7791476)
(-21.0163728, -49.4981128)
(-24.1225305, -48.9054041)
(-20.3872473, -50.9481571)
(-20.7638386, -50.3427479)
(-21.7808203, -48.5661712)
(-20.5345426, -49.3186951)
(-21.3330061, -51.6465874)
(-21.1066536, -51.4910804)
(-20.8558333, -50.2619444)
(-22.783186, -47.294059)
(-20.9941576, -48.9188283)
(-21.4674564, -49.2235377)
(-20.730877, -47.7522561)
(-22.4396255, -49.9226712)
(-22.9422754, -49.3408082)
(-20.736634, -48.910625)
(-20.6071428, -49.2950997)
(-22.1525442, -50.0935645)
(-20.1819444, -49.3508333)
(-20.720278, -47.886667)
(-23.5324859, -46.7916801)
(-22.314874, -50.281118)
(-21.7962773, -50.879119)
(-22.9777918, -49.868204)
(-21.4892638, -51.7025981)
(-20.0013584, -50.3736414)
(-21.566243, -51.2633114)
(-20.389344, -49.4320384)
(-21.085369, -48.803656)
(-20.4168187, -50.762159)
(-22.786384, -50.2198965)
(-21.3612672, -51.8572739)
(-22.4203497, -50.5792099)
(-23.3864203, -45.6626797)
(-21.015911, -48.776105)
(-23.390161, -48.720868)
(-20.1033995, -50.5858761)
(-21.781309, -50.7922396)
(-23.0806795, -48.3768158)
(-24.7146891, -47.8802361)
(-20.3039424, -50.0135808)
(-20.6383609, -47.2801241)
(-21.3143975, -51.8316259)
(-22.7630391, -47.1532213)
(-22.5730321, -49.3985251)
(-20.029593, -49.3998592)
(-22.351086, -48.778113)
(-22.7950193, -46.4431811)
(-20.249177, -50.1102463)
(-20.25071, -47.4808786)
(-22.741347, -46.894846)
(-22.815725, -50.792359)
(-24.2769071, -47.23393)
(-21.4192406, -50.0765588)
(-20.6378509, -51.1052172)
(-23.0743096, -47.9746014)
(-24.3218105, -46.9977452)
(-21.5901744, -50.5972241)
(-23.7074096, -47.4252319)
(-23.8121684, -47.7201865)
(-22.9340165, -45.462938)
(-21.1853, -48.90861)
(-22.7824349, -46.5901718)
(-21.8856652, -51.7296404)
(-22.6138451, -45.1777096)
(-23.052545, -46.359374)
(-22.72528, -47.64917)
(-23.1897822, -49.3840493)
(-21.9957877, -49.4549675)
(-21.0969076, -48.663862)
(-23.3972146, -47.0025661)
(-22.2738742, -51.4998867)
(-21.9980468, -47.4280861)
(-22.4136363, -49.1351479)
(-21.013203, -48.220951)
(-21.0342886, -49.9286556)
(-22.6328334, -50.2049642)
(-23.5249082, -46.3445663)
(-20.7836955, -49.8149752)
(-22.1088293, -50.1720753)
(-21.7379814, -49.3584449)
(-21.0239714, -48.0393457)
(-20.44071, -50.5235329)
(-20.1833464, -49.7031406)
(-19.9427771, -50.5372875)
(-23.17615, -48.119464)
(-23.2125392, -47.5240065)
(-21.8529134, -47.4794943)
(-22.8377227, -45.2565239)
(-21.0457369, -49.3767154)
(-21.8537103, -51.0862052)
(-21.3597815, -48.0746603)
(-24.005833, -46.402778)
(-22.809027, -48.6656779)
(-22.09991, -49.438133)
(-22.0064609, -51.5542973)
(-21.765074, -52.11114)
(-22.1225167, -51.3882528)
(-21.877116, -51.8451047)
(-21.5404913, -49.8574709)
(-23.299332, -48.054657)
(-22.2470977, -50.7003624)
(-21.7991405, -50.2392786)
(-22.5371881, -44.7752585)
(-22.0705513, -50.308652)
(-23.0152553, -47.5275705)
(-22.2294981, -50.8922333)
(-23.2803652, -45.5345747)
(-22.218131, -51.30545)
(-21.8884118, -49.22273)
(-24.497942, -47.844895)
(-20.605593, -47.483254)
(-24.6577435, -49.0086372)
(-22.0692867, -48.1781765)
(-24.2211495, -48.7678322)
(-20.457872, -47.590394)
(-22.7861813, -49.9285258)
(-21.8378246, -51.602158)
(-24.10114, -48.367931)
(-23.7129388, -46.4150871)
(-21.178333, -47.8066671)
(-20.080256, -47.429109)
(-21.5881095, -48.0724258)
(-21.728308, -50.7226134)
(-22.4100108, -47.5603933)
(-22.8441256, -47.6065667)
(-23.743724, -46.397084)
(-19.980944, -49.6814309)
(-23.8303603, -49.4340558)
(-22.5788641, -53.0552246)
(-22.9008966, -45.3098797)
(-21.2996334, -50.7298698)
(-20.1718325, -50.9995571)
(-21.4598472, -49.5776811)
(-21.8840628, -50.9574608)
(-21.3418263, -49.4999228)
(-20.769612, -47.836873)
(-23.528805, -45.84653)
(-21.625096, -50.8605656)
(-22.8446614, -47.675489)
(-23.1989983, -47.2913682)
(-23.6492626, -47.5729991)
(-22.891426, -49.9851484)
(-22.4560782, -51.7634004)
(-21.2432992, -48.8061481)
(-20.0323485, -50.7278392)
(-22.7542539, -47.4137884)
(-23.3974353, -45.8842294)
(-20.0938889, -50.9263889)
(-22.1378975, -47.4555647)
(-21.2918648, -47.4309885)
(-21.823475, -47.248023)
(-22.9060715, -49.6277378)
(-21.4634463, -48.3912139)
(-20.2106188, -50.9270837)
(-22.4590897, -47.532034)
(-23.3194222, -46.2271903)
(-21.6861811, -48.0836814)
(-22.5691072, -48.157095)
(-21.3513258, -51.7534)
(-21.7103738, -47.4777943)
(-20.1448079, -50.8317569)
(-21.4869452, -47.3654908)
(-20.2451795, -50.6889625)
(-20.2543758, -50.7975649)
(-23.4446715, -46.9167722)
(-21.974662, -51.652662)
(-23.6573395, -46.5322504)
(-21.0893048, -47.1523426)
(-22.6054087, -46.9210727)
(-20.9354866, -50.4953504)
(-22.1158536, -46.6839541)
(-22.8250504, -45.6674063)
(-21.8508736, -51.3925315)
(-21.6379556, -50.5008527)
(-23.960833, -46.333889)
(-22.6884605, -45.7329767)
(-23.7080345, -46.5506747)
(-23.6195923, -46.5688323)
(-22.0180395, -47.891154)
(-20.3604438, -50.696603)
(-21.9778137, -46.7881722)
(-20.3878223, -50.378858)
(-20.5134345, -50.352595)
(-21.2701055, -51.6654978)
(-20.5814993, -47.8608238)
(-20.5934194, -47.6416942)
(-22.6452376, -44.5805246)
(-21.595288, -46.887303)
(-20.8125851, -49.3804212)
(-23.1860383, -45.8866816)
(-23.8535923, -46.9440587)
(-23.2220188, -45.3108724)
(-22.732081, -48.572316)
(-23.8807771, -47.9963492)
(-23.5506507, -46.6333824)
(-22.5512765, -47.9072359)
(-22.745286, -49.742829)
(-23.5304843, -47.1355473)
(-23.8027866, -45.4070527)
(-21.7118854, -46.8284162)
(-21.4800208, -47.5531095)
(-23.9603686, -46.3847024)
(-23.648546349999997, -47.80044207427724)
(-23.2747217, -49.477186)
(-20.6581669, -49.9229043)
(-21.3132591, -47.5635821)
(-22.61222, -46.70056)
(-21.2066883, -47.6053774)
(-21.1375782, -47.9913741)
(-24.3878438, -47.9265798)
(-20.810753, -48.80538)
(-22.66384, -44.852157)
(-22.5902619, -46.5249112)
(-23.5007185, -47.4574439)
(-20.6906175, -50.9240834)
(-22.8217964, -47.267105)
(-20.5011185, -51.0246771)
(-23.5427842, -46.3108391)
(-20.9648397, -49.0332398)
(-21.7373768, -48.6880522)
(-23.6121912, -46.7790539)
(-22.3893943, -51.2888486)
(-23.4534312, -49.4054454)
(-21.143144, -48.511203)
(-21.1238184, -48.4512476)
(-21.70292, -47.270344)
(-20.6251635, -49.6519879)
(-23.9638345, -47.5067136)
(-21.46824, -46.7493221)
(-21.07373, -48.412553)
(-21.407486, -48.5054848)
(-23.5337307, -49.2452541)
(-23.9257829, -48.7005328)
(-22.3038726, -51.5628675)
(-22.7474736, -50.5783374)
(-23.3518451, -47.848026)
(-23.031448, -45.5612792)
(-23.3437238, -49.3772468)
(-22.5300202, -52.1686847)
(-20.787015, -48.331442)
(-23.1030302, -47.7147937)
(-23.2064076, -49.6045576)
(-23.2478026, -48.1941034)
(-22.4302536, -48.1690653)
(-22.0410733, -48.3350302)
(-22.95714, -45.547526)
(-20.234355, -50.890528)
(-22.819324, -46.6937627)
(-21.9349129, -50.5141255)
(-21.3861179, -51.5763259)
(-20.9491284, -50.1082011)
(-20.0530658, -50.4763212)
(-21.1637674, -49.7167796)
(-23.433162, -45.083415)
(-22.5261054, -49.6635412)
(-20.951106, -49.171295)
(-20.8878168, -49.8986804)
(-20.244491, -50.6450868)
(-21.7846064, -49.2819702)
(-21.2027026, -49.2921996)
(-20.4226107, -50.0861511)
(-22.97056, -46.99583)
(-21.2230369, -50.8666375)
(-22.8902379, -46.4145366)
(-21.832194, -46.891286)
(-23.599338, -47.022038)
(-23.2113889, -46.8283333)
(-22.2212638, -49.8243021)
(-23.0298535, -46.9749847)
(-20.8726051, -48.2968122)
(-21.171293, -48.6299172)
(-20.1978821, -50.4847947)
(-23.5386249, -47.440842)
(-20.4252908, -49.972028)
(-21.0523649, -50.0514502)
